[-500, 200, 0, 0, 0, 0, 0, 0, 0, 0, 0, 0, 0, 0, 0, 0, 0, 0, 0, 0, 0, 0, 0, 0, 0, 0, 0, 0, 0, 0, 0, 0, 0, 0, 0, 0, 0, 0, 0, 0, 0, 0, 0, 0, 0, 0, 0, 0, 0, 0, 0, 0, 0, 0, 0, 0, 0, 0, 0, 0, 0, 0, 0, 0, 0, 0, 0, 0, 0, 0, 0, 0, -100, 100, 0, 0, 0, 0, 0, 0, 0, 0, 0, 0, 0, 0, -100, 100, 0, 0, 0, 0, 0, 0, 0, 0, 0, 0, 0, 0]

  0     - -0.010000000000000002   0.0       -0.5                   +0.5                    0.0                    0.0                  
  1  -500 +0.10257684230804442   -75.0      -0.434995099902153     +0.6125768423080444    +0.03549267957599245   +0.06146696303974153  
  2   200 +0.294043770777092     -45.0      -0.39950242032616057   +0.804043770777092     +0.019379005299414262  +0.1045409550868066   
  3     0 +0.5285846912932046    -45.0      -0.3801234150267463    +1.0385846912932046    +0.010580938122483953  +0.12805935747622837  
  4     0 +0.786644014198739     -45.0      -0.36954247690426234   +1.296644014198739     +0.0057771928859123725 +0.14090040667237425  
  5     0 +1.0867309554464721    -45.0      -0.36376528401834995   +1.5675443863004193    +0.003154347682093927  +0.14791162034784078  
  6     0 +1.4022677078766488    -45.0      -0.36376528401834995   +1.8454559720775663     0.0                   +0.15173974345929206  
  7     0 +1.6840074167652468    -45.0      -0.36376528401834995   +2.1271956809661643     0.0                   +0.15382989892092153  
  8     0 +1.9678372811154745    -45.0      -0.36376528401834995   +2.411025545316392      0.0                   +0.1549711239355275   
  9     0 +2.2528083704803077    -45.0      -0.36376528401834995   +2.6959966346812254     0.0                   +0.1555942328658781   
 10     0 +2.538402568775492     -45.0      -0.36376528401834995   +2.9815908329764094     0.0                   +0.15593445038136666  
 11     0 +2.8243369845861643    -45.0      -0.36376528401834995   +3.267525248787082      0.0                   +0.15612020916639982  
 12     0 +3.0509631522136487    -45.0      -0.36376528401834995   +3.553645423382788      0.0                   +0.1562216334748086   
 13     0 +3.329867022286903     -45.0      -0.36376528401834995   +3.839867022286903      0.0                   +0.15627701115363207  
 14     0 +3.616143998869841     -45.0      -0.36376528401834995   +4.126143998869841      0.0                   +0.1563072473697817   
 15     0 +3.9024512116689287    -45.0      -0.36376528401834995   +4.4124512116689285     0.0                   +0.15632375634571696  
 16     0 +4.188774933443952     -45.0      -0.36376528401834995   +4.698774933443952      0.0                   +0.1563327702476246   
 17     0 +4.475107669120883     -45.0      -0.36376528401834995   +4.985107669120882      0.0                   +0.15633769183863783  
 18     0 +4.761445326388826     -45.0      -0.36376528401834995   +5.271445326388826      0.0                   +0.15634037902764317  
 19     0 +5.07420019217109      -45.0      -0.36376528401834995   +5.557785670845775      0.0                   +0.15634184623301053  
 20     0 +5.400939218307174     -45.0      -0.36376528401834995   +5.8441274825080916     0.0                   +0.15634264732723413  
 21     0 +5.687281831063714     -45.0      -0.36376528401834995   +6.130470095264632      0.0                   +0.15634308472473102  
 22     0 +5.973624881217751     -45.0      -0.36376528401834995   +6.4168131454186685     0.0                   +0.15634332354379207  
 23     0 +6.25996817019085      -45.0      -0.36376528401834995   +6.703156434391767      0.0                   +0.15634345393901455  
 24     0 +6.546311589559171     -45.0      -0.36376528401834995   +6.989499853760088      0.0                   +0.15634352513481428  
 25     0 +6.832655080123291     -45.0      -0.36376528401834995   +7.275843344324208      0.0                   +0.15634356400772548  
 26     0 +7.059077530073178     -45.0      -0.36376528401834995   +7.56218687376124       0.0                   +0.15634358523233743  
 27     0 +7.338530424422883     -45.0      -0.36376528401834995   +7.848530424422883      0.0                   +0.1563435968209769   
 28     0 +7.624873986673167     -45.0      -0.36376528401834995   +8.134873986673167      0.0                   +0.15634360314837478  
 29     0 +7.911217555250849     -45.0      -0.36376528401834995   +8.421217555250848      0.0                   +0.15634360660313446  
 30     0 +8.197561127283288     -45.0      -0.36376528401834995   +8.707561127283288      0.0                   +0.15634360848943343  
 31     0 +8.483904701202027     -45.0      -0.36376528401834995   +8.993904701202027      0.0                   +0.15634360951935278  
 32     0 +8.770248276150683     -45.0      -0.36376528401834995   +9.280248276150683      0.0                   +0.15634361008168882  
 33     0 +9.085507845076554     -45.0      -0.36376528401834995   +9.566591851661679      0.0                   +0.15634361038872435  
 34     0 +9.40974716327879      -45.0      -0.36376528401834995   +9.852935427479709      0.0                   +0.15634361055636575  
 35     0 +9.696090739264463     -45.0      -0.36376528401834995   +10.139279003465381     0.0                   +0.15634361064789798  
 36     0 +9.982434315341667     -45.0      -0.36376528401834995   +10.425622579542585     0.0                   +0.15634361069787459  
 37     0 +10.268777891468847    -45.0      -0.36376528401834995   +10.711966155669765     0.0                   +0.1563436107251618   
 38     0 +10.555121467623316    -45.0      -0.36376528401834995   +10.998309731824234     0.0                   +0.15634361074006062  
 39     0 +10.841465043792683    -45.0      -0.36376528401834995   +11.284653307993601     0.0                   +0.15634361074819542  
 40     0 +11.067447039962547    -45.0      -0.36376528401834995   +11.570996884171102     0.0                   +0.156343610752637    
 41     0 +11.347340460353045    -45.0      -0.36376528401834995   +11.857340460353045     0.0                   +0.15634361075506212  
 42     0 +11.633684036537414    -45.0      -0.36376528401834995   +12.143684036537413     0.0                   +0.1563436107563862   
 43     0 +11.920027612723105    -45.0      -0.36376528401834995   +12.430027612723105     0.0                   +0.15634361075710915  
 44     0 +12.20637118890952     -45.0      -0.36376528401834995   +12.71637118890952      0.0                   +0.15634361075750386  
 45     0 +12.49271476509633     -45.0      -0.36376528401834995   +13.00271476509633      0.0                   +0.1563436107577194   
 46     0 +12.779058341283356    -45.0      -0.36376528401834995   +13.289058341283356     0.0                   +0.1563436107578371   
 47     0 +13.09682048654089     -45.0      -0.36376528401834995   +13.575401917470499     0.0                   +0.15634361075790135  
 48     0 +13.418557229456788    -45.0      -0.36376528401834995   +13.861745493657706     0.0                   +0.15634361075793643  
 49     0 +13.70490080564403     -45.0      -0.36376528401834995   +14.148089069844948     0.0                   +0.1563436107579556   
 50     0 +13.991244381831292    -45.0      -0.36376528401834995   +14.43443264603221      0.0                   +0.15634361075796605  
 51     0 +14.277587958018565    -45.0      -0.36376528401834995   +14.720776222219483     0.0                   +0.15634361075797176  
 52     0 +14.563931534205842    -45.0      -0.36376528401834995   +15.00711979840676      0.0                   +0.15634361075797487  
 53     0 +14.850275110393124    -45.0      -0.36376528401834995   +15.293463374594042     0.0                   +0.15634361075797656  
 54     0 +15.07581660324226     -45.0      -0.36376528401834995   +15.579806950781325     0.0                   +0.15634361075797748  
 55     0 +15.356150526968609    -45.0      -0.36376528401834995   +15.866150526968609     0.0                   +0.156343610757978    
 56     0 +15.642494103155892    -45.0      -0.36376528401834995   +16.15249410315589      0.0                   +0.15634361075797826  
 57     0 +15.928837679343177    -45.0      -0.36376528401834995   +16.438837679343177     0.0                   +0.15634361075797842  
 58     0 +16.21518125553046     -45.0      -0.36376528401834995   +16.72518125553046      0.0                   +0.1563436107579785   
 59     0 +16.501524831717745    -45.0      -0.36376528401834995   +17.011524831717747     0.0                   +0.15634361075797856  
 60     0 +16.78786840790503     -45.0      -0.36376528401834995   +17.29786840790503      0.0                   +0.15634361075797856  
 61     0 +17.108133129049165    -45.0      -0.36376528401834995   +17.584211984092317     0.0                   +0.15634361075797856  
 62     0 +17.427367296078685    -45.0      -0.36376528401834995   +17.870555560279602     0.0                   +0.15634361075797856  
 63     0 +17.71371087226597     -45.0      -0.36376528401834995   +18.156899136466887     0.0                   +0.15634361075797856  
 64     0 +18.000054448453255    -45.0      -0.36376528401834995   +18.443242712654172     0.0                   +0.15634361075797856  
 65     0 +18.28639802464054     -45.0      -0.36376528401834995   +18.729586288841457     0.0                   +0.15634361075797856  
 66     0 +18.572741600827825    -45.0      -0.36376528401834995   +19.015929865028742     0.0                   +0.15634361075797856  
 67     0 +18.85843938630651     -45.0      -0.36376528401834995   +19.302273441216027     0.0                   +0.15634361075797856  
 68     0 +19.084186166533147    -45.0      -0.36376528401834995   +19.588617017403312     0.0                   +0.15634361075797856  
 69     0 +19.364960593590595    -45.0      -0.36376528401834995   +19.874960593590597     0.0                   +0.15634361075797856  
 70     0 +19.65130416977788     -45.0      -0.36376528401834995   +20.161304169777882     0.0                   +0.15634361075797856  
 71     0 +19.937647745965165    -45.0      -0.36376528401834995   +20.447647745965167     0.0                   +0.15634361075797856  
 72     0 +20.22399132215245     -45.0      -0.36376528401834995   +20.733991322152452     0.0                   +0.15634361075797856  
 73  -100 +20.505899776326643    -60.0      -0.33011921082599194   +21.015899776326645    +0.0183707580968393    +0.1539220338575578   
 74   100 +20.789821775613508    -45.0      -0.31174845272915264   +21.29982177561351     +0.01003043508593565   +0.155021429616774    
 75     0 +21.11025968134144     -45.0      -0.30171801764321704   +21.58484317065959     +0.005476618193044459  +0.15562169977102905  
 76     0 +21.430652765887416    -45.0      -0.2962413994501726    +21.870464835859924    +0.002990233880725797  +0.15594944731332103  
 77     0 +21.716602178630044    -45.0      -0.2962413994501726    +22.15641424860255      0.0                   +0.156128397492198    
 78     0 +22.002730541551546    -45.0      -0.2962413994501726    +22.442542611524054     0.0                   +0.1562261043012137   
 79     0 +22.288956611282067    -45.0      -0.2962413994501726    +22.728768681254575     0.0                   +0.1562794522251328   
 80     0 +22.575236028936505    -45.0      -0.2962413994501726    +23.015048098909013     0.0                   +0.1563085801949759   
 81     0 +22.861136306429575    -45.0      -0.2962413994501726    +23.301356644533296     0.0                   +0.15632448406835753  
 82     0 +23.083297039329413    -45.0      -0.2962413994501726    +23.58768109403096      0.0                   +0.1563331675842325   
 83     0 +23.364014227044496    -45.0      -0.2962413994501726    +23.874014227044498     0.0                   +0.15633790878445095  
 84     0 +23.650352101258253    -45.0      -0.2962413994501726    +24.160352101258255     0.0                   +0.1563404974800709   
 85     0 +23.93669256416763     -45.0      -0.2962413994501726    +24.44669256416763      0.0                   +0.15634191090804356  
 86     0 +24.22303444050498     -45.0      -0.2962413994501726    +24.73303444050498      0.0                   +0.15634268263980627  
 87  -100 +24.504941966561       -60.0      -0.26259532625781457   +25.014941966561       +0.0183707580968393    +0.1539215271049769   
 88   100 +24.788863459095282    -45.0      -0.24422456816097526   +25.298863459095283    +0.01003043508593565   +0.1550211529298327   
 89     0 +25.110429975026005    -45.0      -0.2341941330750396    +25.583884577454423    +0.005476618193044459  +0.15562154869994155  
 90     0 +25.43307021583957     -45.0      -0.22871751488199515   +25.86950609158367     +0.002990233880725797  +0.15594936482849767  
 91     0 +25.719019546097375    -45.0      -0.22871751488199515   +26.155455421841474     0.0                   +0.15612835245547918  
 92     0 +26.00514786398216     -45.0      -0.22871751488199515   +26.44158373972626      0.0                   +0.1562260797111624   
 93     0 +26.29137390912263     -45.0      -0.22871751488199515   +26.72780978486673      0.0                   +0.15627943879896322  
 94     0 +26.5776533133509      -45.0      -0.22871751488199515   +27.014089189095        0.0                   +0.15630857286428645  
 95     0 +26.86383544567875     -45.0      -0.22871751488199515   +27.300397727388592     0.0                   +0.1563244800658006   
 96     0 +27.082386064239515    -45.0      -0.22871751488199515   +27.5867221728837       0.0                   +0.15633316539883615  
 97     0 +27.363055303711842    -45.0      -0.22871751488199515   +27.873055303711844     0.0                   +0.15633790759122437  
 98     0 +27.649393176732374    -45.0      -0.22871751488199515   +28.159393176732376     0.0                   +0.1563404968285691   
 99     0 +27.93573363899025     -45.0      -0.22871751488199515   +28.44573363899025      0.0                   +0.15634191055232355  
100     0 +28.22207551497188     -45.0      -0.22871751488199515   +28.732075514971882     0.0                   +0.15634268244558314  
