[0, 0, 300, -300, 0, 0, 0, -600, 300, -300, 0, 300, -300, 300, 0, 0, 0, 300, -300, 300, 0, -300, 0, 0, 0, -300, 300, 0, -300, 0, 300, 0, 300, -300, 0, 300, -300, 0, 600, -600, 0, 0, 0, 0, -300, 0, -300, 300, 300, 0, 0, 0, 0, 0, 300, 600, 0, -600, 0, -300, 0, 0, 0, 0, -300, 300, -600, -300, 300, 600, 0, 0, 0, 0, 0, 300, -300, 600, 300, -300, -600, 0, 0, 0, 0, -300, 300, 0, -600, -300, 300, 600, 0, 0, 0, 0, 300, -300, 0, -600]

  0     -  0.0                    0.0       -0.5                   +0.5                    0.0                    0.0                  
  1     0 +0.09192386269569397    0.0       -0.591923862695694     +0.591923862695694     -0.0501904348615998    +0.0501904348615998   
  2     0 +0.23403816025298774    0.0       -0.7340381602529877    +0.7340381602529877    -0.07759441547907764   +0.07759441547907764  
  3   300 +0.3116325757320655    +45.0      -0.9416325411613715    +0.8116325757320655    -0.11334654514147653   +0.042366555772563166 
  4  -300 +0.44592299420032255    0.0       -1.1469029489985418    +0.9459229942003226    -0.11207765569720929   +0.07332257700027837  
  5     0 +0.6111694338962947     0.0       -1.3509044673914452    +1.1111694338962947    -0.11138484198016725   +0.09022456655382138  
  6     0 +0.7933178631458102     0.0       -1.5542131720673065    +1.2933178631458102    -0.1110065656467245    +0.09945305392196892  
  7     0 +0.9846947797634731     0.0       -1.757143600409725     +1.484694779763473     -0.11080002674467473   +0.10449180861024206  
  8  -600 +1.1811104510694093    -90.0      -1.7760197644587057    +1.6811104510694093    -0.010306386767857402  +0.1072429689895937   
  9   300 +1.418353385488309     -45.0      -1.7863261512265631    +1.918353385488309     -0.005627287828874409  +0.12953465723851007  
 10  -300 +1.6398119054225129    -90.0      -1.7000295763597435    +2.139811905422513     +0.04711793535015548   +0.12091636592882903  
 11     0 +1.8526521340470357    -90.0      -1.5609877783138941    +2.3526521340470357    +0.07591683055097315   +0.11621077832717683  
 12   300 +2.0988628778035183    -45.0      -1.485070947762921     +2.5988628778035183    +0.04145059429542678   +0.134431081705563    
 13  -300 +2.3252178222047752    -90.0      -1.3516964907718       +2.8252178222047752    +0.07282246197567223   +0.12358981399836795  
 14   300 +2.578807601632449     -45.0      -1.2788740287961278    +3.078807601632449     +0.03976106885706966   +0.13846003565000695  
 15     0 +2.847267602711762     -45.0      -1.239112959939058     +3.347267602711762     +0.02170954611758086   +0.14657917761486153  
 16     0 +3.1238467457559294    -45.0      -1.217403413821477     +3.6238467457559294    +0.011853413557004281  +0.15101222964258273  
 17     0 +3.4048589408278183    -45.0      -1.205550000264473     +3.9048589408278183    +0.006471964553860027  +0.1534326763308598   
 18   300 +3.6502154798543724     0.0       -1.2910018984063067    +4.1502154798543724    -0.04665674180474449   +0.13396468586884863  
 19  -300 +3.914180131152527     -45.0      -1.3376586402110515    +4.414180131152527     -0.02547458398433036   +0.14412471634925694  
 20   300 +4.150228710197478      0.0       -1.4550570868910757    +4.650228710197478     -0.06409955933262552   +0.12888253912858877  
 21     0 +4.371035112021761      0.0       -1.6110805089193954    +4.871035112021761     -0.0851887983223652    +0.1205603093994551   
 22  -300 +4.6215953868505215    -45.0      -1.6962693072417605    +5.1215953868505215    -0.046513089286628936  +0.13680592594687135  
 23     0 +4.888401278226699     -45.0      -1.7427823965283893    +5.388401278226699     -0.02539614970032892   +0.14567603361204692  
 24     0 +5.164077277268052     -45.0      -1.768178546228718     +5.664077277268052     -0.013866299346986695  +0.1505191129597692   
 25     0 +5.4445963556571275    -45.0      -1.782044845575705     +5.9445963556571275    -0.007571000322846316  +0.15316343459077045  
 26  -300 +5.689683652943592     -90.0      -1.6976919832028574    +6.189683652943592     +0.04605666820517785   +0.13381767986168472  
 27   300 +5.953501298234583     -45.0      -1.6516353149976795    +6.453501298234583     +0.0251469437609107    +0.14404445106002242  
 28     0 +6.227545714723911     -45.0      -1.6264883712367688    +6.727545714723911     +0.01373023288825987   +0.1496282687828899   
 29  -300 +6.469097846202495     -90.0      -1.520834275652815     +6.969097846202495     +0.05768714288935202   +0.13188747910638404  
 30     0 +6.692909188004573     -90.0      -1.3712232700677691    +7.192909188004573     +0.08168761853766664   +0.12220100681790264  
 31   300 +6.945110160251781     -45.0      -1.2895356515301024    +7.445110160251781     +0.044601444902141005  +0.13770174684139566  
 32     0 +7.212811872522483     -45.0      -1.2449342066279614    +7.712811872522483     +0.02435239174516328   +0.14616515187726958  
 33   300 +7.450900887095447      0.0       -1.3125056775784922    +7.950900887095447     -0.036894027424327985  +0.12999661705628676  
 34  -300 +7.71089746958104      -45.0      -1.3493997050028201    +8.21089746958104      -0.020144141313478026  +0.14195815052594585  
 35     0 +7.982855585536292     -45.0      -1.369543846316298     +8.482855585536292     -0.01099870243468719   +0.1484891485589723   
 36   300 +8.223268596790959      0.0       -1.4724664114466792    +8.723268596790959     -0.056195727088469476  +0.13126551939188277  
 37  -300 +8.484534081612148     -45.0      -1.5286621385351484    +8.984534081612148     -0.03068287055420037   +0.14265097128165424  
 38     0 +8.757185018323108     -45.0      -1.5593450090893488    +9.257185018323108     -0.016752849268480866  +0.14886742873552733  
 39   600 +8.906052447058636     +45.0      -1.7060978237871358    +9.406052447058636     -0.08012704613195859   +0.08128162553067231  
 40  -600 +9.117334038018615     -45.0      -1.7862248699190943    +9.617334038018615     -0.04374937226965393   +0.11535976206348765  
 41     0 +9.362693765511409     -45.0      -1.8299742421887484    +9.862693765511409     -0.023887160033787453  +0.13396642677161782  
 42     0 +9.626660157712333     -45.0      -1.853861402222536     +10.126660157712333    -0.013042390893355921  +0.14412566688227935  
 43     0 +9.90078579002392      -45.0      -1.8669037931158918    +10.40078579002392     -0.007121146254912183  +0.14967261262699286  
 44     0 +10.180458368080219    -45.0      -1.874024939370804     +10.680458368080219    -0.0038881463068004616 +0.15270124535539006  
 45  -300 +10.425083476131302    -90.0      -1.7859892229819103    +10.925083476131302    +0.04806750673150307   +0.13356532450985528  
 46     0 +10.65057266333685     -90.0      -1.6459978535547133    +11.15057266333685     +0.07643529658541012   +0.12311711051460578  
 47  -300 +10.773689773851457    -135.0     -1.4395625915399972    +11.273689773851457    +0.11271366615202351   +0.0672219501489809   
 48   300 +10.932835586696132    -90.0      -1.2349250626922796    +11.432835586696132    +0.11173210372883118   +0.08689362390611523  
 49   300 +11.149729176031554    -45.0      -1.1231929589634486    +11.649729176031554    +0.06100573572191832   +0.11842391353238872  
 50     0 +11.39815305499325     -45.0      -1.0621872232415301    +11.89815305499325     +0.03330913557311103   +0.1356394536679643   
 51     0 +11.66379247409052     -45.0      -1.0288780876684192    +12.16379247409052     +0.018186790135362084  +0.14503913967378676  
 52     0 +11.938831579193613    -45.0      -1.010691297533057     +12.438831579193613    +0.009929988567301961  +0.15017136882908777  
 53     0 +12.219002913452007    -45.0      -1.0007613089657552    +12.719002913452007    +0.005421774387500212  +0.1529735662733647   
 54     0 +12.501976445154678    -45.0      -0.995339534578255     +13.001976445154678    +0.0029602891594204804 +0.1545035662556534   
 55   300 +12.748403874106026     0.0       -1.0843031081145285    +13.248403874106026    -0.048574116792816625  +0.13454939183570105  
 56   600 +12.791029403246034    +90.0      -1.224801087603039     +13.291029403246034    -0.0767119057110162    +0.02327354161372688  
 57     0 +12.722379082164068    +90.0      -1.3934368560097492    +13.222379082164068    -0.09207514024483324   -0.037483079664512226 
 58  -600 +12.77681986519525      0.0       -1.5774358589502764    +13.27681986519525     -0.10046346727462356   +0.029724670987623873 
 59     0 +12.898468398878569     0.0       -1.769823188920594     +13.398468398878569    -0.10504349436487126   +0.06642010710596151  
 60  -300 +13.094888471413837    -45.0      -1.874866683285465     +13.594888471413837    -0.057353754585009006  +0.10724537206108785  
 61     0 +13.332133808904231    -45.0      -1.9322204378704742    +13.832133808904231    -0.0313151536407523    +0.12953596931569827  
 62     0 +13.591669743649236    -45.0      -1.9635355915112265    +14.091669743649236    -0.017098075873837194  +0.14170663683037057  
 63     0 +13.863376345908913    -45.0      -1.9806336673850637    +14.363376345908913    -0.00933555051146383   +0.14835182206523737  
 64     0 +14.141728133403456    -45.0      -1.9899692178965274    +14.641728133403456    -0.005097211171313722  +0.15198009362490789  
 65  -300 +14.385632089724059    -90.0      -1.9031425663721473    +14.885632089724059    +0.047407357238800726  +0.13317157561927703  
 66   300 +14.648803630772642    -45.0      -1.8557352091333466    +15.148803630772642    +0.0258844200589286    +0.14369167810269234  
 67  -600 +14.792495308875335    -135.0     -1.699850823645112     +15.292495308875335    +0.08511288436266128   +0.0784556653569017   
 68  -300 +14.779027111536543    -180.0     -1.5228140765867566    +15.279027111536543    +0.09666207512141599   -0.007353636601124795 
 69   300 +14.771673474935419    -135.0     -1.2961520360360346    +15.271673474935419    +0.12375748851545171   -0.004015086050576933 
 70   600 +14.897658354314148    -45.0      -1.1723945475205828    +15.397658354314148    +0.06757159657805513   +0.06878775213066425  
 71     0 +15.096446071874118    -45.0      -1.1048229509425276    +15.596446071874118    +0.0368940960169643    +0.10853810639473002  
 72     0 +15.334984143698154    -45.0      -1.0679288549255634    +15.834984143698154    +0.0201441787650618    +0.13024180234385124  
 73     0 +15.59522591147131     -45.0      -1.0477846761605014    +16.09522591147131     +0.010998722883254307  +0.14209202170850554  
 74     0 +15.867317898609123    -45.0      -1.0367859532772472    +16.367317898609123    +0.006005303391788621  +0.1485622422331399   
 75     0 +16.14588010627157     -45.0      -1.0307806498854586    +16.64588010627157     +0.0032788960327689767 +0.1520949830499274   
 76   300 +16.38989895201719      0.0       -1.1194256165483836    +16.88989895201719     -0.04840015741976251   +0.13323430525262392  
 77  -300 +16.65313322269912     -45.0      -1.1678257739681461    +17.15313322269912     -0.026426489020696466  +0.143725928486478    
 78   600 +16.7968591511856      +45.0      -1.3242522284181488    +17.2968591511856      -0.08540885405016418   +0.07847436606862081  
 79   300 +16.78340965455853     +90.0      -1.5015849451640069    +17.28340965455853     -0.09682367458956277   -0.007343426011340174 
 80  -300 +16.77606622854719     +45.0      -1.7284085851828759    +17.27606622854719     -0.12384572183530837   -0.004009511067906981 
 81  -600 +16.90205668290859     -45.0      -1.852254307018184     +17.40205668290859     -0.06761977197629257   +0.0687907960715556   
 82     0 +17.100847444409453    -45.0      -1.9198740789944768    +17.600847444409453    -0.03692039978745719   +0.10853976838664973  
 83     0 +17.339387178225408    -45.0      -1.956794478781934     +17.839387178225408    -0.020158540625419087  +0.13024270979154481  
 84     0 +17.59962985344626     -45.0      -1.976953019407353     +18.09962985344626     -0.011006564459920204  +0.14209251717500382  
 85     0 +17.87172233605057     -45.0      -1.9879595838672732    +18.37172233605057     -0.006009584893145507  +0.1485625127578794   
 86  -300 +18.112208711504145    -90.0      -1.9020453060647247    +18.612208711504145    +0.046909201128818426  +0.13130557624913877  
 87   300 +18.37351425318259     -45.0      -1.8551361049359063    +18.87351425318259     +0.02561242679128553   +0.14267284232825636  
 88     0 +18.646187060940154    -45.0      -1.8295236781446207    +19.146187060940154    +0.013984386652365155  +0.14887937032835913  
 89  -600 +18.795066431268513    -135.0     -1.6855393260629494    +19.295066431268513    +0.07861546536798533   +0.08128814564111579  
 90  -300 +18.784430714213933    -180.0     -1.51499999799927      +19.284430714213933    +0.09311448393826088   -0.005807102186309863 
 91   300 +18.778623612027623    -135.0     -1.2918855486317031    +19.278623612027623    +0.1218205035044631    -0.003170678162007785 
 92   600 +18.90545289929492     -45.0      -1.17006504512724      +19.40545289929492     +0.06651400263921303   +0.0692487988913748   
 93     0 +19.104701663615604    -45.0      -1.103551042488027     +19.604701663615604    +0.0363166496592846    +0.10878983795531727  
 94     0 +19.343491467000227    -45.0      -1.0672343928287424    +19.843491467000227    +0.019828893017147416  +0.13037924779189655  
 95     0 +19.60387068022143     -45.0      -1.047405499811595     +20.10387068022143     +0.010826576844897837  +0.14216706693185502  
 96     0 +19.87603771258259     -45.0      -1.036578922966697     +20.37603771258259     +0.005911311643928599  +0.14860321692984804  
 97   300 +20.116564792208134     0.0       -1.1225914740184626    +20.616564792208134    -0.04696285832912329   +0.13132780072961509  
 98  -300 +20.377892558367055    -45.0      -1.1695543323475857    +20.877892558367055    -0.02564172362605489   +0.14268497689600593  
 99     0 +20.650577500692368    -45.0      -1.1951960559736405    +21.150577500692368    -0.014000382726007211  +0.14888599580311995  
100  -600 +20.799463496495488    -135.0     -1.0791964732703418    +21.299463496495488    +0.06333577951261837   +0.08129176315075538  
