[100, 0, -100, 100, -200, 100, -200, -200, 100, -100, 0, 0, 0, 0, 0, 0, 100, 0, 0, 0, 100, 0, -100, 100, 0, 0, 0, -100, 0, 0, 0, -100, 0, 0, 0, 100, -100, 0, 100, 0, 0, 0, 100, 0, 0, 0, -100, 100, 0, -100, 0, 0, -100, 0, 0, 0, 0, 100, -100, 100, 0, 0, 0, 100, 0, 0, 0, -100, 100, 0, -100, 0, 0, 0, -100, 0, -100, 100, 0, 100, 0, 0, 0, 0, 0, 100, 0, 0, 0, 0, 0, -100, 0, 0, -100, 0, 0, 0, -100, 0]

  0     - -0.5599999999999999     0.0       -0.5                   +0.5                    0.0                    0.0                  
  1   100 -0.43194849997758866   +15.0      -0.6125791296362877    +0.5650071874260902    -0.06146821192110741   +0.035493928457358326 
  2     0 -0.2339808728219988    +15.0      -0.7866264711936828    +0.6655083033095388    -0.0950298595283056    +0.05487361564607756  
  3  -100 +0.017510689965212545   0.0       -0.9735801934176824    +0.8123057816513104    -0.10207674419078583   +0.08015143248440675  
  4   100 +0.28287659921887076   +15.0      -1.1882360672447558    +0.9574644015618075    -0.11720212072291643   +0.07925661567699553  
  5  -200 +0.5767459888635382    -15.0      -1.3704430880655192    +1.1492978595468475    -0.09948504492358619   +0.10474108022578352  
  6   100 +0.878325607203867      0.0       -1.5618519956847994    +1.345962802468325     -0.10450927569915394   +0.10737907130748799  
  7  -200 +1.1462816424413027    -30.0      -1.7000073445763113    +1.578906717192027     -0.07543282925648685   +0.12718739221229108  
  8  -200 +1.358593520369247     -60.0      -1.74179410064044      +1.8316589528205323    -0.02281557146110292   +0.13800273668254426  
  9   100 +1.5785645046661785    -45.0      -1.764609672101543     +2.0996616549323823    -0.012457303464710724  +0.14632949234962528  
 10  -100 +1.7992003950676714    -60.0      -1.7434209023738956    +2.3715559906982215    +0.011569069615073257  +0.14845432457150812  
 11     0 +2.043209786938273     -60.0      -1.6982057595664646    +2.6455751586859435    +0.024687470840372084  +0.14961448309941158  
 12     0 +2.342426044502678     -60.0      -1.6398722155337344    +2.920754485201569     +0.031850118741345614  +0.1502479297292234   
 13     0 +2.6549166851309898    -60.0      -1.5743760236000308    +3.196567258347007     +0.035760924949527574  +0.15059379162927342  
 14     0 +2.969943239135933     -60.0      -1.504969025458145     +3.4727258933924943    +0.03789622538721568   +0.15078263224863508  
 15     0 +3.286354402005343     -60.0      -1.4334267268785714    +3.749073369057343     +0.039062099561612745  +0.15088573923878268  
 16     0 +3.6035215614025633    -60.0      -1.3607185541246007    +4.02552395171234      +0.03969866693477251   +0.15094203566194225  
 17   100 +3.9057689944075156    -45.0      -1.321019887189828     +4.306465952803588     +0.02167547466404913   +0.15339435041297841  
 18     0 +4.1554826256625335    -45.0      -1.299344412525779     +4.5898602686458725    +0.011834810541215166  +0.15473331442256838  
 19     0 +4.394658580738107     -45.0      -1.2875096019845638    +4.874593548497747     +0.006461807306059378  +0.1554643888567207   
 20     0 +4.63202187814886      -45.0      -1.2810477946785044    +5.160057902783773     +0.003528147198911988  +0.15586355554413212  
 21   100 +4.876038206572759     -30.0      -1.3146938678708624    +5.441486301744119     -0.0183707580968393    +0.15365992368035286  
 22     0 +5.146069060370319     -30.0      -1.3667106991600597    +5.720711068840686     -0.02840119318277495   +0.1524567405429765   
 23  -100 +5.444430434524955     -45.0      -1.3951118923428347    +6.003167774812968     -0.015507053278980108  +0.15422137937408473  
 24   100 +5.7517424081392035    -30.0      -1.4442650188141728    +6.282953997603267     -0.026837610170609556  +0.15276329538736128  
 25     0 +6.0639414096260404    -30.0      -1.5047487021771404    +6.561282136406842     -0.0330240949520157    +0.15196718143813953  
 26     0 +6.378808728641243     -30.0      -1.5714188703215142    +6.838814161261195     -0.03640191603500624   +0.15153250317137543  
 27     0 +6.6951329491961555    -30.0      -1.6414668595488784    +7.115911507848784     -0.03824620656053827   +0.15129516881015523  
 28  -100 +6.983870516152815     -45.0      -1.6797130661094166    +7.397206642088245     -0.020882431207603153  +0.15358716113429818  
 29     0 +7.2318667656675535    -45.0      -1.7005954973170199    +7.680793768651849     -0.011401808763701369  +0.15483858908863687  
 30     0 +7.471131151462625     -45.0      -1.7119973060807214    +7.9656323231697925    -0.006225388308076158  +0.15552186883107055  
 31     0 +7.707308127877082     -45.0      -1.7182226943887975    +8.25115415743017      -0.0033990624110196124 +0.1558949396137725   
 32  -100 +7.95396747523435      -60.0      -1.6845766211964395    +8.532613940460156     +0.0183707580968393    +0.15367705938436688  
 33     0 +8.237622360912681     -60.0      -1.632559789907242     +8.811855843260737     +0.02840119318277495   +0.1524660966384549   
 34     0 +8.550399770137425     -60.0      -1.5705125235321091    +9.089886783315405     +0.03387781137581941   +0.15180491090238848  
 35     0 +8.865582899814205     -60.0      -1.5029886389639318    +9.367256537634008     +0.036868045256545204  +0.15144390344856426  
 36   100 +9.167672874035741     -45.0      -1.4661205937073865    +9.648700406511878     +0.020129955048220852  +0.15366837025630217  
 37  -100 +9.477020663522982     -60.0      -1.4123445654668076    +9.927933620184394     +0.02936171482979639   +0.15246135237398054  
 38     0 +9.790331220605584     -60.0      -1.3493367774446532    +10.20595981597459     +0.03440225625600876   +0.15180232053368461  
 39   100 +10.063600143433776    -45.0      -1.3149345211886443    +10.48776210193758     +0.01878363409754924   +0.15386406600750843  
 40     0 +10.308165952034491    -45.0      -1.2961508870910952    +10.771626133374395    +0.0102558654085076    +0.15498977916697082  
 41     0 +10.546918484910407    -45.0      -1.2858950216825875    +11.056615877970673    +0.005599703163465386  +0.15560441862342925  
 42     0 +10.782070347092084    -45.0      -1.2802953185191221    +11.342220262023408    +0.003057438282381591  +0.15594001180563558  
 43   100 +11.03088557542986     -30.0      -1.31394139171148      +11.623725117245257    -0.0183707580968393    +0.15370166880398253  
 44     0 +11.327928234345833    -30.0      -1.3659582230006775    +11.902991629465454    -0.02840119318277495   +0.15247953338312575  
 45     0 +11.640719080315247    -30.0      -1.4280054893758103    +12.181036006264794    -0.03387781137581941   +0.15181224736583093  
 46     0 +11.955909546455471    -30.0      -1.4955293739439877    +12.458413097046838    -0.036868045256545204  +0.15144790915806913  
 47  -100 +12.258003526386512    -45.0      -1.532397419200533     +12.739860971634213    -0.020129955048220852  +0.1536705573739459   
 48   100 +12.567353502991397    -30.0      -1.5861734474411118    +13.019096372424373    -0.02936171482979639   +0.15246254654035268  
 49     0 +12.88066525424037     -30.0      -1.6491812354632662    +13.29712376238094     -0.03440225625600876   +0.15180297254859954  
 50  -100 +13.14076838565315     -45.0      -1.6835834917192751    +13.578926700358846    -0.01878363409754924   +0.15386442200769335  
 51     0 +13.38474451374851     -45.0      -1.7023671258168243    +13.862791087795845    -0.0102558654085076    +0.15498997354309435  
 52     0 +13.622643711601993    -45.0      -1.7126229912253317    +14.147781026768245    -0.005599703163465386  +0.15560452475280503  
 53  -100 +13.865611023290546    -60.0      -1.684576621196439     +14.428950394937264    +0.015313319814457712  +0.15351849285186073  
 54     0 +14.132088083419148    -60.0      -1.6356172281896235    +14.708033731205338    +0.02673183168669388   +0.15237951930165033  
 55     0 +14.443844072869283    -60.0      -1.5752393233105715    +14.985978093923203    +0.032966339893089336  +0.15175763967100253  
 56     0 +14.75846950728435     -60.0      -1.5086269102251242    +15.263300577010419    +0.036370381769169666  +0.15141809335322964  
 57     0 +15.074661658832248    -60.0      -1.4386104552635968    +15.540283513779862    +0.03822898884939162   +0.15123270104219183  
 58   100 +15.377302559059407    -45.0      -1.400381466414205     +15.821516180251361    +0.020873030336225142  +0.1535530537290285   
 59  -100 +15.686951154180655    -60.0      -1.3458623628856219    +16.100634077396602    +0.02976743398417208   +0.1523983895427758   
 60   100 +15.973803203881273    -45.0      -1.3160949289014496    +16.383032432368683    +0.016253020843189032  +0.15418951972427455  
 61     0 +16.2204664107187      -45.0      -1.2998419080582608    +16.667221917522262    +0.008874150411137099  +0.15516747691696514  
 62     0 +16.460007062289566    -45.0      -1.2909677576471235    +16.952389359868533    +0.004845286687273636  +0.15570144160619562  
 63     0 +16.69827584939246     -45.0      -1.2909677576471235    +17.238090766904033     0.0                   +0.15599298636037914  
 64   100 +16.94673725533546     -30.0      -1.3246138308394815    +17.519648596680625    -0.0183707580968393    +0.1537305929142322   
 65     0 +17.22985720380313     -30.0      -1.376630662128679     +17.79894403301107     -0.02840119318277495   +0.1524953259491564   
 66     0 +17.542663842338577    -30.0      -1.4386779285038118    +18.077004202376443    -0.03387781137581941   +0.1518208701078852   
 67     0 +17.857862931220858    -30.0      -1.5062018130719892    +18.354389915900544    -0.036868045256545204  +0.1514526171757776   
 68  -100 +18.159961619169607    -45.0      -1.5430698583285345    +18.635842498505628    -0.020129955048220852  +0.1536731279519133   
 69   100 +18.469314166352458    -30.0      -1.5968458865691133    +18.915080469873754    -0.02936171482979639   +0.1524639500760859   
 70     0 +18.782627321137163    -30.0      -1.6598536745912678    +19.193109263366054    -0.03440225625600876   +0.1518037388791989   
 71  -100 +19.05651398386673     -45.0      -1.6942559308472767    +19.47491296767456     -0.01878363409754924   +0.1538648404242492   
 72     0 +19.297373329763616    -45.0      -1.7130395649448258    +19.758777773528113    -0.0102558654085076    +0.15499020199856037  
 73     0 +19.535949395986826    -45.0      -1.7232954303533332    +20.04376794095598     -0.005599703163465386  +0.15560464948950398  
 74     0 +19.769059135751807    -45.0      -1.7288951335167986    +20.32937255587479     -0.003057438282381591  +0.15594013785852703  
 75  -100 +20.015458925068128    -60.0      -1.6952490603244406    +20.61087753714953     +0.0183707580968393    +0.15370173762886927  
 76     0 +20.309934069934876    -60.0      -1.6432322290352435    +20.890144118194613    +0.02840119318277495   +0.1524795709615183   
 77  -100 +20.627297895441586    -75.0      -1.5498261357546212    +21.155200531464175    +0.05099973285497256   +0.1447208184548846   
 78   100 +20.94498520869919     -60.0      -1.465180329707291     +21.425486193335274    +0.04621661547002382   +0.14757598852295867  
 79     0 +21.262849146289298    -60.0      -1.3853176410449088    +21.698627025274448    +0.04360503307449965   +0.14913491156120012  
 80   100 +21.566402841801526    -45.0      -1.3417126079704094    +21.977761902264955    +0.023808350824079318  +0.1524076605393666   
 81     0 +21.862143144231684    -45.0      -1.31790425714633      +22.26016952823363     +0.012999361059857252  +0.15419458168900108  
 82     0 +22.115477945804695    -45.0      -1.3049048960864726    +22.544364075351936    +0.007097651963092985  +0.15517024075002686  
 83     0 +22.356808796486266    -45.0      -1.2978072441233794    +22.82953428153127     +0.003875318421977187  +0.1557029506592226   
 84     0 +22.596597096366803    -45.0      -1.2978072441233794    +23.1152371976198       0.0                   +0.15599381030342757  
 85     0 +22.836330176356366    -45.0      -1.2978072441233794    +23.401230973352533     0.0                   +0.15615261968760963  
 86   100 +23.090861481729057    -30.0      -1.3314533173157375    +23.682948436456357    -0.0183707580968393    +0.15381775272102385  
 87     0 +23.39707431581236     -30.0      -1.383470148604935     +23.962331032593596    -0.02840119318277495   +0.15254291520919228  
 88     0 +23.70992854360784     -30.0      -1.4455174149800678    +24.240438791219002    -0.03387781137581941   +0.1518468538468829   
 89     0 +24.02515361622912     -30.0      -1.5130412995482452    +24.5178504884821      -0.036868045256545204  +0.1514668042989182   
 90     0 +24.341673170275634    -30.0      -1.5835554179971485    +24.79488213619723     -0.03850071314506016   +0.151259297221627    
 91     0 +24.65889951126243     -30.0      -1.6557022043345668    +25.071706276835073    -0.03939214991573204   +0.15114599834426604  
 92  -100 +24.953856139987032    -45.0      -1.695094354250299     +25.352852240608645    -0.021508116352213922  +0.15350571405046237  
 93     0 +25.194540652874267    -45.0      -1.7166024706025127    +25.636357920088415    -0.01174343289233939   +0.1547941189756972   
 94     0 +25.433767683774473    -45.0      -1.728345903494852     +25.92115200449342     -0.006411915103978094  +0.1554975881465852   
 95  -100 +25.669680277510896    -60.0      -1.7011117454064721    +26.202214436056217    +0.014869852043427825  +0.15346010545808283  
 96     0 +25.92249129001699     -60.0      -1.6525958201706863    +26.481239384930515    +0.026489698255587127  +0.15234763978094476  
 97     0 +26.207374240842938    -60.0      -1.592460048722741     +26.759151868127674    +0.032834135024349106  +0.15174023345067553  
 98     0 +26.521908234311184    -60.0      -1.525979840506034     +27.036456944994562    +0.03629819790245315   +0.1514085895558272   
 99  -100 +26.842623401055224    -75.0      -1.4246767425057338    +27.300442376858435    +0.05531149793273969   +0.14413606253945632  
100     0 +27.166713488799854    -75.0      -1.3043603444751473    +27.557155281705935    +0.06569276095508712   +0.14016526232729892  
