[-300, -200, 200, 0, 0, 0, 0, 0, 0, 0, 0, 0, 0, 0, 0, 0, 0, 0, 0, 0, 0, 0, 0, 0, 0, 0, 0, 0, 0, 0, 0, 0, 0, 0, 0, 0, 0, 0, 0, 0, 0, 0, 0, 0, 0, 0, 0, 0, 0, 0, 0, 0, 0, 0, 0, 0, 0, 0, 0, 0, 0, 0, 0, 0, 0, 0, 0, 0, 0, 0, 0, 0, -100, 100, 0, 0, 0, 0, 0, 0, 0, 0, 0, 0, 0, 0, -100, 100, 0, 0, 0, 0, 0, 0, 0, 0, 0, 0, 0, 0]

  0     - -0.010000000000000002   0.0       -0.5                   +0.5                    0.0                    0.0                  
  1  -300 +0.11999996542930602   -45.0      -0.5                   +0.629999965429306      0.0                   +0.07097998936891337  
  2  -200 +0.3035567971062638    -75.0      -0.434995099902153     +0.8135567971062638    +0.03549267957599245   +0.10022204173667246  
  3   200 +0.5337788042722422    -45.0      -0.39950242032616057   +1.0437788042722422    +0.019379005299414262  +0.12570123051315246  
  4     0 +0.7894800002147007    -45.0      -0.3801234150267463    +1.2994800002147007    +0.010580938122483953  +0.13961286920098395  
  5     0 +1.0886194635806237    -45.0      -0.36954247690426234   +1.5690928348449908    +0.0057771928859123725 +0.14720862480680688  
  6     0 +1.4031131608801861    -45.0      -0.36376528401834995   +1.8463014250811036    +0.003154347682093927  +0.15135590784930403  
  7     0 +1.684469034158796     -45.0      -0.36376528401834995   +2.1276572983597135     0.0                   +0.15362032465352546  
  8     0 +1.968089324241628     -45.0      -0.36376528401834995   +2.4112775884425455     0.0                   +0.1548566963722382   
  9     0 +2.252945986043172     -45.0      -0.36376528401834995   +2.6961342502440893     0.0                   +0.15553175540906522  
 10     0 +2.538477706881544     -45.0      -0.36376528401834995   +2.981665971082461      0.0                   +0.15590033768598457  
 11     0 +2.824378009996834     -45.0      -0.36376528401834995   +3.267566274197751      0.0                   +0.15610158363255777  
 12     0 +3.050984432096634     -45.0      -0.36376528401834995   +3.553667823259615      0.0                   +0.15621146393214963  
 13     0 +3.3298792526210708    -45.0      -0.36376528401834995   +3.8398792526210705     0.0                   +0.15627145858269534  
 14     0 +3.6161506766330724    -45.0      -0.36376528401834995   +4.126150676633072      0.0                   +0.15630421566569808  
 15     0 +3.9024548577280767    -45.0      -0.36376528401834995   +4.412454857728076      0.0                   +0.15632210103509503  
 16     0 +4.188776924192478     -45.0      -0.36376528401834995   +4.698776924192478      0.0                   +0.15633186644792005  
 17     0 +4.475108756069704     -45.0      -0.36376528401834995   +4.985108756069704      0.0                   +0.15633719836394183  
 18     0 +4.761445919862952     -45.0      -0.36376528401834995   +5.271445919862952      0.0                   +0.15634010959042785  
 19     0 +5.074200608253497     -45.0      -0.36376528401834995   +5.5577859948826855     0.0                   +0.15634169912027387  
 20     0 +5.400939395231348     -45.0      -0.36376528401834995   +5.8441276594322655     0.0                   +0.15634256700367058  
 21     0 +5.6872819276643245    -45.0      -0.36376528401834995   +6.130470191865242      0.0                   +0.15634304086806022  
 22     0 +5.973624933961691     -45.0      -0.36376528401834995   +6.416813198162608      0.0                   +0.15634329959804702  
 23     0 +6.2599681989890446    -45.0      -0.36376528401834995   +6.703156463189962      0.0                   +0.15634344086463625  
 24     0 +6.546311605282987     -45.0      -0.36376528401834995   +6.989499869483904      0.0                   +0.1563435179962029   
 25     0 +6.832655088708496     -45.0      -0.36376528401834995   +7.275843352909413      0.0                   +0.15634356011004322  
 26     0 +7.059077534526324     -45.0      -0.36376528401834995   +7.562186878448762      0.0                   +0.15634358310420268  
 27     0 +7.33853042698227      -45.0      -0.36376528401834995   +7.84853042698227       0.0                   +0.1563435956590152   
 28     0 +7.624873988070592     -45.0      -0.36376528401834995   +8.134873988070591      0.0                   +0.15634360251394366  
 29     0 +7.911217556013842     -45.0      -0.36376528401834995   +8.421217556013842      0.0                   +0.156343606256735    
 30     0 +8.197561127699883     -45.0      -0.36376528401834995   +8.707561127699883      0.0                   +0.1563436083002993   
 31     0 +8.483904701429488     -45.0      -0.36376528401834995   +8.993904701429488      0.0                   +0.15634360941608555  
 32     0 +8.770248276274879     -45.0      -0.36376528401834995   +9.280248276274879      0.0                   +0.15634361002530492  
 33     0 +9.085507845163626     -45.0      -0.36376528401834995   +9.56659185172949       0.0                   +0.15634361035793876  
 34     0 +9.409747163315815     -45.0      -0.36376528401834995   +9.852935427516734      0.0                   +0.15634361053955684  
 35     0 +9.696090739284678     -45.0      -0.36376528401834995   +10.139279003485596     0.0                   +0.1563436106387203   
 36     0 +9.982434315352704     -45.0      -0.36376528401834995   +10.425622579553622     0.0                   +0.15634361069286354  
 37     0 +10.268777891474873    -45.0      -0.36376528401834995   +10.71196615567579      0.0                   +0.15634361072242575  
 38     0 +10.555121467626604    -45.0      -0.36376528401834995   +10.998309731827522     0.0                   +0.15634361073856676  
 39     0 +10.841465043794477    -45.0      -0.36376528401834995   +11.284653307995395     0.0                   +0.15634361074737974  
 40     0 +11.067447039963476    -45.0      -0.36376528401834995   +11.57099688417208      0.0                   +0.15634361075219164  
 41     0 +11.347340460353578    -45.0      -0.36376528401834995   +11.857340460353578     0.0                   +0.15634361075481892  
 42     0 +11.633684036537703    -45.0      -0.36376528401834995   +12.143684036537703     0.0                   +0.15634361075625344  
 43     0 +11.920027612723263    -45.0      -0.36376528401834995   +12.430027612723263     0.0                   +0.15634361075703668  
 44     0 +12.206371188909607    -45.0      -0.36376528401834995   +12.716371188909607     0.0                   +0.1563436107574643   
 45     0 +12.492714765096377    -45.0      -0.36376528401834995   +13.002714765096377     0.0                   +0.1563436107576978   
 46     0 +12.779058341283381    -45.0      -0.36376528401834995   +13.289058341283381     0.0                   +0.15634361075782527  
 47     0 +13.096820486540906    -45.0      -0.36376528401834995   +13.575401917470511     0.0                   +0.15634361075789488  
 48     0 +13.418557229456795    -45.0      -0.36376528401834995   +13.861745493657713     0.0                   +0.1563436107579329   
 49     0 +13.704900805644034    -45.0      -0.36376528401834995   +14.148089069844952     0.0                   +0.15634361075795367  
 50     0 +13.991244381831294    -45.0      -0.36376528401834995   +14.434432646032212     0.0                   +0.156343610757965    
 51     0 +14.277587958018565    -45.0      -0.36376528401834995   +14.720776222219483     0.0                   +0.15634361075797118  
 52     0 +14.563931534205842    -45.0      -0.36376528401834995   +15.00711979840676      0.0                   +0.15634361075797457  
 53     0 +14.850275110393122    -45.0      -0.36376528401834995   +15.29346337459404      0.0                   +0.1563436107579764   
 54     0 +15.075816603242258    -45.0      -0.36376528401834995   +15.579806950781323     0.0                   +0.15634361075797742  
 55     0 +15.356150526968607    -45.0      -0.36376528401834995   +15.866150526968607     0.0                   +0.15634361075797795  
 56     0 +15.642494103155892    -45.0      -0.36376528401834995   +16.15249410315589      0.0                   +0.15634361075797826  
 57     0 +15.928837679343173    -45.0      -0.36376528401834995   +16.438837679343173     0.0                   +0.15634361075797842  
 58     0 +16.215181255530457    -45.0      -0.36376528401834995   +16.725181255530458     0.0                   +0.1563436107579785   
 59     0 +16.50152483171774     -45.0      -0.36376528401834995   +17.011524831717743     0.0                   +0.15634361075797856  
 60     0 +16.787868407905027    -45.0      -0.36376528401834995   +17.297868407905028     0.0                   +0.15634361075797856  
 61     0 +17.108133129049158    -45.0      -0.36376528401834995   +17.584211984092313     0.0                   +0.15634361075797856  
 62     0 +17.427367296078682    -45.0      -0.36376528401834995   +17.8705555602796       0.0                   +0.15634361075797856  
 63     0 +17.713710872265967    -45.0      -0.36376528401834995   +18.156899136466883     0.0                   +0.15634361075797856  
 64     0 +18.000054448453252    -45.0      -0.36376528401834995   +18.44324271265417      0.0                   +0.15634361075797856  
 65     0 +18.286398024640537    -45.0      -0.36376528401834995   +18.729586288841453     0.0                   +0.15634361075797856  
 66     0 +18.572741600827822    -45.0      -0.36376528401834995   +19.01592986502874      0.0                   +0.15634361075797856  
 67     0 +18.858439386306507    -45.0      -0.36376528401834995   +19.302273441216023     0.0                   +0.15634361075797856  
 68     0 +19.084186166533144    -45.0      -0.36376528401834995   +19.58861701740331      0.0                   +0.15634361075797856  
 69     0 +19.36496059359059     -45.0      -0.36376528401834995   +19.874960593590593     0.0                   +0.15634361075797856  
 70     0 +19.651304169777877    -45.0      -0.36376528401834995   +20.16130416977788      0.0                   +0.15634361075797856  
 71     0 +19.93764774596516     -45.0      -0.36376528401834995   +20.447647745965163     0.0                   +0.15634361075797856  
 72     0 +20.223991322152447    -45.0      -0.36376528401834995   +20.73399132215245      0.0                   +0.15634361075797856  
 73  -100 +20.50589977632664     -60.0      -0.33011921082599194   +21.01589977632664     +0.0183707580968393    +0.1539220338575578   
 74   100 +20.789821775613508    -45.0      -0.31174845272915264   +21.29982177561351     +0.01003043508593565   +0.155021429616774    
 75     0 +21.11025968134144     -45.0      -0.30171801764321704   +21.58484317065959     +0.005476618193044459  +0.15562169977102905  
 76     0 +21.430652765887412    -45.0      -0.2962413994501726    +21.87046483585992     +0.002990233880725797  +0.15594944731332103  
 77     0 +21.716602178630044    -45.0      -0.2962413994501726    +22.15641424860255      0.0                   +0.156128397492198    
 78     0 +22.002730541551546    -45.0      -0.2962413994501726    +22.442542611524054     0.0                   +0.1562261043012137   
 79     0 +22.288956611282064    -45.0      -0.2962413994501726    +22.72876868125457      0.0                   +0.1562794522251328   
 80     0 +22.575236028936505    -45.0      -0.2962413994501726    +23.015048098909013     0.0                   +0.1563085801949759   
 81     0 +22.861136306429575    -45.0      -0.2962413994501726    +23.301356644533293     0.0                   +0.15632448406835753  
 82     0 +23.08329703932941     -45.0      -0.2962413994501726    +23.587681094030955     0.0                   +0.1563331675842325   
 83     0 +23.364014227044496    -45.0      -0.2962413994501726    +23.874014227044498     0.0                   +0.15633790878445095  
 84     0 +23.650352101258253    -45.0      -0.2962413994501726    +24.160352101258255     0.0                   +0.1563404974800709   
 85     0 +23.936692564167625    -45.0      -0.2962413994501726    +24.446692564167627     0.0                   +0.15634191090804356  
 86     0 +24.22303444050498     -45.0      -0.2962413994501726    +24.73303444050498      0.0                   +0.15634268263980627  
 87  -100 +24.504941966560995    -60.0      -0.26259532625781457   +25.014941966560997    +0.0183707580968393    +0.1539215271049769   
 88   100 +24.78886345909528     -45.0      -0.24422456816097526   +25.29886345909528     +0.01003043508593565   +0.1550211529298327   
 89     0 +25.110429975026       -45.0      -0.2341941330750396    +25.58388457745442     +0.005476618193044459  +0.15562154869994155  
 90     0 +25.433070215839567    -45.0      -0.22871751488199515   +25.869506091583666    +0.002990233880725797  +0.15594936482849767  
 91     0 +25.719019546097375    -45.0      -0.22871751488199515   +26.155455421841474     0.0                   +0.15612835245547918  
 92     0 +26.005147863982156    -45.0      -0.22871751488199515   +26.441583739726255     0.0                   +0.1562260797111624   
 93     0 +26.29137390912263     -45.0      -0.22871751488199515   +26.72780978486673      0.0                   +0.15627943879896322  
 94     0 +26.577653313350897    -45.0      -0.22871751488199515   +27.014089189094996     0.0                   +0.15630857286428645  
 95     0 +26.86383544567875     -45.0      -0.22871751488199515   +27.300397727388592     0.0                   +0.1563244800658006   
 96     0 +27.08238606423951     -45.0      -0.22871751488199515   +27.586722172883697     0.0                   +0.15633316539883615  
 97     0 +27.363055303711842    -45.0      -0.22871751488199515   +27.873055303711844     0.0                   +0.15633790759122437  
 98     0 +27.64939317673237     -45.0      -0.22871751488199515   +28.159393176732372     0.0                   +0.1563404968285691   
 99     0 +27.935733638990246    -45.0      -0.22871751488199515   +28.445733638990248     0.0                   +0.15634191055232355  
100     0 +28.22207551497188     -45.0      -0.22871751488199515   +28.732075514971882     0.0                   +0.15634268244558314  
